name: accuscan_env_3_9_13
channels:
  - conda-forge
  - defaults
dependencies:
  - blas=1.0=mkl
  - bzip2=1.0.8=h2466b09_7
  - ca-certificates=2025.2.25=haa95532_0
  - icc_rt=2022.1.0=h6049295_2
  - intel-openmp=2023.1.0=h59b6b97_46320
  - libffi=3.4.6=h537db12_0
  - liblzma=5.6.4=h2466b09_0
  - libsqlite=3.49.1=h67fdade_1
  - libzlib=1.3.1=h2466b09_2
  - mkl=2023.1.0=h6b88ed4_46358
  - mkl-service=2.4.0=py39h827c3e9_2
  - mkl_fft=1.3.11=py39h827c3e9_0
  - mkl_random=1.2.8=py39hc64d2fc_0
  - mysql-common=8.4.2=h2224204_0
  - mysql-connector-python=8.4.0=py39ha51f57c_0
  - mysql-libs=8.4.2=h809f9c2_0
  - numpy-base=2.0.1=py39h65a83cf_1
  - openssl=3.4.1=ha4e3fda_0
  - pip=25.0=py39haa95532_0
  - pybind11-abi=5=hd3eb1b0_0
  - python=3.9.21=h37870fc_1_cpython
  - python_abi=3.9=5_cp39
  - scipy=1.13.1=py39h8640f81_1
  - setuptools=75.8.0=py39haa95532_0
  - sqlite=3.45.3=h2bbff1b_0
  - tbb=2021.8.0=h59b6b97_0
  - tk=8.6.13=h5226925_1
  - ucrt=10.0.22621.0=h57928b3_1
  - vc=14.42=haa95532_4
  - vc14_runtime=14.42.34438=hfd919c2_24
  - vs2015_runtime=14.42.34438=h7142326_24
  - wheel=0.45.1=py39haa95532_0
  - zstd=1.5.7=hbeecb71_1
  - pip:
      - numpy==2.0.1
      - pandas==2.2.3
      - psutil==7.0.0
      - pyqt5==5.15.11
      - pyqt5-qt5==5.15.2
      - pyqt5-sip==12.17.0
      - pyqtgraph==0.13.7
      - python-dateutil==2.9.0.post0
      - python-snap7==2.0.2
      - pytz==2025.1
      - six==1.17.0
      - tzdata==2025.1

